Estimator: KWA loc
               n=30         n=50        n=100        n=200        n=500
df=1   0.0003938621 2.122269e-04 9.815783e-05 4.672377e-05 1.821625e-05
df=2   0.0002777430 1.599254e-04 7.700010e-05 3.818639e-05 1.526732e-05
df=3   0.0002395553 1.396446e-04 6.914968e-05 3.407861e-05 1.370249e-05
df=4   0.0002211386 1.298864e-04 6.428428e-05 3.150695e-05 1.254351e-05
df=5   0.0002062577 1.226346e-04 6.080349e-05 3.005682e-05 1.210881e-05
df=10  0.0001781193 1.067775e-04 5.290604e-05 2.642464e-05 1.057980e-05
df=20  0.0001631211 9.793100e-05 4.917506e-05 2.451295e-05 9.843089e-06
df=30  0.0001599301 9.507070e-05 4.730540e-05 2.370041e-05 9.764471e-06
df=Inf 0.0001498753 8.913163e-05 4.517592e-05 2.246710e-05 8.963491e-06

Estimator: MCD.50 loc
               n=30         n=50        n=100        n=200        n=500
df=1   0.0006412655 0.0003706620 0.0001835060 9.183694e-05 3.731566e-05
df=2   0.0006648504 0.0004300170 0.0002379705 1.263652e-04 5.360131e-05
df=3   0.0006786163 0.0004545164 0.0002646119 1.458074e-04 6.474009e-05
df=4   0.0006822383 0.0004770424 0.0002807877 1.598351e-04 7.163648e-05
df=5   0.0006947057 0.0004835208 0.0002898356 1.680288e-04 7.593998e-05
df=10  0.0006975378 0.0005018658 0.0003128886 1.857958e-04 8.762125e-05
df=20  0.0007034063 0.0005119179 0.0003234497 1.961893e-04 9.355203e-05
df=30  0.0007025951 0.0005106015 0.0003292450 2.013834e-04 9.570189e-05
df=Inf 0.0007014498 0.0005216276 0.0003343492 2.074909e-04 1.004880e-04

Estimator: MCD.75 loc
               n=30         n=50        n=100        n=200        n=500
df=1   0.0005683532 0.0003006149 0.0001364068 6.619954e-05 2.580147e-05
df=2   0.0003807083 0.0002262467 0.0001126055 5.665190e-05 2.256824e-05
df=3   0.0003660431 0.0002232694 0.0001153694 5.874450e-05 2.355862e-05
df=4   0.0003571714 0.0002278959 0.0001199819 6.076189e-05 2.442281e-05
df=5   0.0003609171 0.0002295826 0.0001219702 6.288593e-05 2.553321e-05
df=10  0.0003612718 0.0002360881 0.0001296232 6.724173e-05 2.800677e-05
df=20  0.0003628023 0.0002385152 0.0001351322 7.178718e-05 2.950000e-05
df=30  0.0003670840 0.0002399034 0.0001355428 7.161711e-05 2.958744e-05
df=Inf 0.0003629528 0.0002446503 0.0001386726 7.331627e-05 3.103185e-05

Estimator: Qn loc
               n=30         n=50        n=100        n=200        n=500
df=1   0.0004432116 0.0002498559 1.171187e-04 5.615083e-05 2.231810e-05
df=2   0.0003159157 0.0001852958 9.183572e-05 4.480897e-05 1.798730e-05
df=3   0.0002812239 0.0001652953 8.296143e-05 4.120287e-05 1.663698e-05
df=4   0.0002670159 0.0001569743 7.866820e-05 3.925698e-05 1.606116e-05
df=5   0.0002542579 0.0001549142 7.744810e-05 3.839842e-05 1.546492e-05
df=10  0.0002388585 0.0001440415 7.297331e-05 3.661815e-05 1.487120e-05
df=20  0.0002323564 0.0001403874 7.071903e-05 3.588922e-05 1.440854e-05
df=30  0.0002290136 0.0001391258 7.094107e-05 3.544839e-05 1.419451e-05
df=Inf 0.0002237698 0.0001362325 6.947250e-05 3.495009e-05 1.407007e-05

Estimator: HL loc
               n=30         n=50        n=100        n=200        n=500
df=1   0.0007403774 3.722617e-04 1.627069e-04 7.747269e-05 3.003856e-05
df=2   0.0003258273 1.852182e-04 8.894502e-05 4.357216e-05 1.728004e-05
df=3   0.0002533015 1.479478e-04 7.253481e-05 3.556862e-05 1.415687e-05
df=4   0.0002225665 1.320324e-04 6.519728e-05 3.214367e-05 1.273983e-05
df=5   0.0002059432 1.223261e-04 6.056997e-05 3.035405e-05 1.208933e-05
df=10  0.0001806961 1.080103e-04 5.379222e-05 2.678773e-05 1.062629e-05
df=20  0.0001700015 1.007074e-04 4.974440e-05 2.496721e-05 1.004337e-05
df=30  0.0001624295 9.830618e-05 4.890902e-05 2.461003e-05 9.775565e-06
df=Inf 0.0001575904 9.434662e-05 4.650143e-05 2.376046e-05 9.460344e-06

Estimator: usual loc
               n=30         n=50        n=100        n=200        n=500
df=1   3.493090e+03 7.725012e+04 2.882755e+04 4.336500e+04 4.539245e+04
df=2   3.986381e-02 7.295735e-01 2.082911e-02 1.770134e-02 2.086073e-02
df=3   7.955410e-04 5.236566e-04 3.686321e-04 1.510874e-04 2.999417e-05
df=4   3.391271e-04 1.942445e-04 9.651809e-05 4.615504e-05 1.823380e-05
df=5   2.613295e-04 1.515117e-04 7.519307e-05 3.723524e-05 1.488643e-05
df=10  1.883741e-04 1.125908e-04 5.591936e-05 2.797254e-05 1.117881e-05
df=20  1.661485e-04 9.923530e-05 4.977013e-05 2.474813e-05 1.004980e-05
df=30  1.598679e-04 9.632203e-05 4.753014e-05 2.389625e-05 9.524493e-06
df=Inf 1.482946e-04 8.923335e-05 4.515015e-05 2.247297e-05 8.915778e-06

Estimator: KWA scale
               n=30         n=50        n=100        n=200        n=500
df=1   4.550639e-04 2.839018e-04 1.627811e-04 9.089466e-05 4.651022e-05
df=2   2.166166e-04 1.228749e-04 6.039952e-05 2.960240e-05 1.173143e-05
df=3   1.674672e-04 9.698162e-05 4.719172e-05 2.337646e-05 9.420845e-06
df=4   1.453958e-04 8.468707e-05 4.118726e-05 2.037942e-05 7.990413e-06
df=5   1.305507e-04 7.590429e-05 3.754557e-05 1.844691e-05 7.383626e-06
df=10  1.056863e-04 6.129262e-05 2.975210e-05 1.477925e-05 5.878846e-06
df=20  9.290862e-05 5.443122e-05 2.642122e-05 1.308607e-05 5.185416e-06
df=30  8.913328e-05 5.208352e-05 2.537410e-05 1.251785e-05 4.910265e-06
df=Inf 9.251155e-05 5.375327e-05 2.822285e-05 1.554253e-05 7.912030e-06

Estimator: MCD.50 scale
              n=30         n=50        n=100        n=200        n=500
df=1   0.001443295 0.0008467834 0.0004155635 0.0002061005 0.0000816632
df=2   0.001712964 0.0011394319 0.0007039738 0.0004562556 0.0002674509
df=3   0.001986446 0.0013645404 0.0008625360 0.0005667082 0.0003411312
df=4   0.002140623 0.0014717040 0.0009371383 0.0006208716 0.0003739156
df=5   0.002199124 0.0015295123 0.0009861563 0.0006526530 0.0003979172
df=10  0.002384296 0.0016734978 0.0010735687 0.0007198815 0.0004372406
df=20  0.002464006 0.0017430355 0.0011213346 0.0007492273 0.0004590571
df=30  0.002498562 0.0017520422 0.0011394225 0.0007547707 0.0004630839
df=Inf 0.002557214 0.0017890070 0.0011614710 0.0007795140 0.0004771192

Estimator: MCD.75 scale
              n=30        n=50        n=100        n=200        n=500
df=1   0.001644023 0.000916877 0.0004208972 0.0002071828 8.259926e-05
df=2   0.001769848 0.001295535 0.0009087143 0.0006127622 3.771896e-04
df=3   0.002051177 0.001519567 0.0010623787 0.0007317066 4.520253e-04
df=4   0.002210843 0.001622744 0.0011352648 0.0007781120 4.851839e-04
df=5   0.002270517 0.001681868 0.0011792613 0.0008084788 5.006111e-04
df=10  0.002419803 0.001780768 0.0012514009 0.0008598991 5.345453e-04
df=20  0.002487482 0.001845894 0.0012827784 0.0008838653 5.489398e-04
df=30  0.002513385 0.001859723 0.0012959944 0.0008908266 5.534205e-04
df=Inf 0.002549259 0.001892693 0.0013191166 0.0009063771 5.632968e-04

Estimator: Qn scale
               n=30         n=50        n=100        n=200        n=500
df=1   0.0004175510 0.0002250344 0.0001030030 4.827858e-05 1.862779e-05
df=2   0.0003298216 0.0002667836 0.0001968476 1.430920e-04 9.175789e-05
df=3   0.0004156988 0.0003334839 0.0002441908 1.759683e-04 1.122714e-04
df=4   0.0004555498 0.0003636827 0.0002628536 1.884801e-04 1.207300e-04
df=5   0.0004766662 0.0003782083 0.0002745629 1.955604e-04 1.244757e-04
df=10  0.0005155222 0.0004055379 0.0002906276 2.058478e-04 1.312381e-04
df=20  0.0005348004 0.0004167230 0.0002954967 2.090934e-04 1.329974e-04
df=30  0.0005373112 0.0004214600 0.0002979231 2.106542e-04 1.336626e-04
df=Inf 0.0005478271 0.0004241104 0.0003010275 2.123858e-04 1.341111e-04

Estimator: HL scale
               n=30         n=50        n=100        n=200        n=500
df=1   0.0003148913 0.0001852405 9.252187e-05 4.598803e-05 1.834660e-05
df=2   0.0004598827 0.0003270674 2.159686e-04 1.478247e-04 9.107425e-05
df=3   0.0005393132 0.0003903852 2.649241e-04 1.816701e-04 1.128199e-04
df=4   0.0005806963 0.0004239877 2.866091e-04 1.986021e-04 1.239350e-04
df=5   0.0006025138 0.0004462610 3.004194e-04 2.070229e-04 1.291033e-04
df=10  0.0006496026 0.0004786557 3.241930e-04 2.249170e-04 1.407288e-04
df=20  0.0006666108 0.0004919254 3.356049e-04 2.336375e-04 1.457724e-04
df=30  0.0006740716 0.0004941973 3.386843e-04 2.363224e-04 1.480245e-04
df=Inf 0.0006876671 0.0005064981 3.487185e-04 2.419957e-04 1.509556e-04

Estimator: IQR scale
               n=30         n=50        n=100        n=200        n=500
df=1   0.0004198025 0.0002408330 0.0001133841 5.653678e-05 2.241388e-05
df=2   0.0005133289 0.0003397043 0.0002060538 1.332889e-04 7.976272e-05
df=3   0.0005864773 0.0003991620 0.0002471229 1.641962e-04 9.934753e-05
df=4   0.0006236169 0.0004231547 0.0002664870 1.775838e-04 1.078859e-04
df=5   0.0006455476 0.0004405927 0.0002801466 1.859671e-04 1.135864e-04
df=10  0.0006813223 0.0004713051 0.0002995687 2.017638e-04 1.236121e-04
df=20  0.0007009787 0.0004899266 0.0003110537 2.088495e-04 1.279367e-04
df=30  0.0007096733 0.0004855229 0.0003155949 2.117199e-04 1.296500e-04
df=Inf 0.0007216620 0.0004966827 0.0003207620 2.162219e-04 1.328354e-04

Estimator: usual scale
               n=30         n=50        n=100        n=200        n=500
df=1   2.197614e-02 2.396394e-02 2.601880e-02 2.862529e-02 3.158126e-02
df=2   3.682994e-03 3.523604e-03 3.571956e-03 3.434250e-03 3.311144e-03
df=3   1.215517e-03 1.108244e-03 9.526268e-04 8.223948e-04 6.577806e-04
df=4   5.893007e-04 5.068680e-04 4.151620e-04 3.176867e-04 2.079594e-04
df=5   3.658956e-04 2.998540e-04 2.245407e-04 1.639515e-04 1.056569e-04
df=10  1.421181e-04 9.992367e-05 6.667509e-05 4.523913e-05 2.777948e-05
df=20  9.522415e-05 5.916349e-05 3.430237e-05 2.127053e-05 1.228505e-05
df=30  8.928746e-05 5.284672e-05 2.810908e-05 1.601678e-05 8.515959e-06
df=Inf 8.728370e-05 4.906952e-05 2.343284e-05 1.146865e-05 4.479948e-06

