Estimator: KWA loc
             n=30       n=50      n=100       n=200       n=500
df=1   0.07955103 0.04471603 0.02130676 0.010380501 0.004077653
df=2   0.05929629 0.03487603 0.01702495 0.008537364 0.003408903
df=3   0.05213636 0.03073744 0.01536524 0.007593736 0.003050296
df=4   0.04810242 0.02860614 0.01425026 0.007062463 0.002808194
df=5   0.04550157 0.02710718 0.01351253 0.006730412 0.002682795
df=10  0.03974936 0.02372851 0.01179103 0.005888487 0.002345811
df=20  0.03646275 0.02184660 0.01099207 0.005466332 0.002200068
df=30  0.03574731 0.02119041 0.01060704 0.005310023 0.002157661
df=Inf 0.03370123 0.01988900 0.01013287 0.004991757 0.002008433

Estimator: MCD.50 loc
            n=30       n=50      n=100      n=200       n=500
df=1   0.1251414 0.07609820 0.03900811 0.02007245 0.008248653
df=2   0.1415115 0.09377799 0.05266539 0.02822120 0.012008808
df=3   0.1514145 0.10296037 0.06013057 0.03317616 0.014632884
df=4   0.1558458 0.11006142 0.06477390 0.03673109 0.016328184
df=5   0.1605897 0.11342942 0.06777342 0.03904388 0.017323841
df=10  0.1675788 0.12006980 0.07455543 0.04373034 0.020150891
df=20  0.1717224 0.12461274 0.07803311 0.04648436 0.021772910
df=30  0.1721512 0.12562039 0.07956102 0.04779151 0.022354153
df=Inf 0.1751348 0.12894910 0.08212932 0.04987209 0.023532301

Estimator: MCD.75 loc
             n=30       n=50      n=100      n=200       n=500
df=1   0.11173982 0.06279089 0.02937982 0.01458049 0.005725175
df=2   0.08112779 0.04901491 0.02500701 0.01258378 0.005017235
df=3   0.08027427 0.04917575 0.02571722 0.01306799 0.005252530
df=4   0.07956962 0.05083963 0.02673135 0.01367602 0.005490861
df=5   0.08110618 0.05167219 0.02744930 0.01417189 0.005717266
df=10  0.08337123 0.05421235 0.02973088 0.01525357 0.006294892
df=20  0.08492770 0.05551457 0.03105797 0.01620918 0.006619971
df=30  0.08677569 0.05607648 0.03129145 0.01635577 0.006726671
df=Inf 0.08671376 0.05823141 0.03226780 0.01676355 0.007041836

Estimator: Qn loc
             n=30       n=50      n=100       n=200       n=500
df=1   0.08821579 0.05148180 0.02521051 0.012405872 0.004949045
df=2   0.06691809 0.04020208 0.02014186 0.009989035 0.003988770
df=3   0.06086186 0.03637824 0.01840490 0.009204635 0.003705914
df=4   0.05786297 0.03489887 0.01751726 0.008826024 0.003559110
df=5   0.05566760 0.03407151 0.01720585 0.008591880 0.003448440
df=10  0.05279665 0.03198107 0.01626178 0.008173732 0.003307687
df=20  0.05152011 0.03132091 0.01575934 0.007998361 0.003220285
df=30  0.05096034 0.03100501 0.01585096 0.007895327 0.003162344
df=Inf 0.05000241 0.03052875 0.01546965 0.007792648 0.003135811

Estimator: HL loc
             n=30       n=50      n=100       n=200       n=500
df=1   0.13390250 0.07404329 0.03452664 0.016882732 0.006665935
df=2   0.06861177 0.03989613 0.01957439 0.009704346 0.003852296
df=3   0.05469775 0.03237270 0.01606725 0.007969557 0.003160264
df=4   0.04862107 0.02902205 0.01451758 0.007185425 0.002842723
df=5   0.04523112 0.02711497 0.01347741 0.006719702 0.002691431
df=10  0.04023877 0.02410616 0.01195917 0.005980052 0.002370767
df=20  0.03762119 0.02239395 0.01114859 0.005530947 0.002244354
df=30  0.03636216 0.02182668 0.01098012 0.005475037 0.002174803
df=Inf 0.03530833 0.02099706 0.01048309 0.005258329 0.002101595

Estimator: usual loc
               n=30         n=50        n=100        n=200        n=500
df=1   1.166508e+04 1.182701e+05 6.197154e+04 7.198256e+04 8.178535e+04
df=2   4.781287e-01 1.066686e+00 1.848076e-01 9.531208e-02 5.772101e-02
df=3   9.840298e-02 6.019774e-02 3.004535e-02 1.501670e-02 5.951030e-03
df=4   6.648969e-02 3.988844e-02 1.995541e-02 1.003734e-02 4.008607e-03
df=5   5.558992e-02 3.333858e-02 1.665272e-02 8.328571e-03 3.331833e-03
df=10  4.156568e-02 2.510892e-02 1.243475e-02 6.225451e-03 2.510759e-03
df=20  3.671445e-02 2.219590e-02 1.109794e-02 5.533005e-03 2.225055e-03
df=30  3.537964e-02 2.144581e-02 1.063738e-02 5.350407e-03 2.128608e-03
df=Inf 3.317108e-02 2.005415e-02 1.004953e-02 5.033304e-03 1.999555e-03

Estimator: KWA scale
             n=30       n=50       n=100       n=200       n=500
df=1   0.08745731 0.05183719 0.025430473 0.012736421 0.005039880
df=2   0.04728970 0.02714841 0.013448677 0.006634520 0.002631172
df=3   0.03677869 0.02135160 0.010500548 0.005218253 0.002099423
df=4   0.03169870 0.01865711 0.009118284 0.004529125 0.001798041
df=5   0.02839246 0.01672855 0.008349437 0.004127090 0.001646462
df=10  0.02302769 0.01347248 0.006609325 0.003279432 0.001310918
df=20  0.02028224 0.01190594 0.005843857 0.002908483 0.001150991
df=30  0.01948849 0.01141562 0.005593649 0.002783279 0.001106573
df=Inf 0.01803459 0.01042852 0.005124555 0.002546026 0.001014692

Estimator: MCD.50 scale
            n=30      n=50      n=100      n=200      n=500
df=1   0.3149830 0.1850631 0.09182208 0.04571334 0.01822318
df=2   0.2447318 0.1451955 0.07371013 0.03705840 0.01500201
df=3   0.2249636 0.1347425 0.06812684 0.03458203 0.01406105
df=4   0.2164667 0.1286380 0.06559703 0.03335258 0.01347898
df=5   0.2081895 0.1252818 0.06405788 0.03241073 0.01339784
df=10  0.1987403 0.1198520 0.06090408 0.03137276 0.01284833
df=20  0.1934028 0.1175803 0.05973225 0.03061304 0.01271592
df=30  0.1905262 0.1153530 0.05925376 0.03014067 0.01250136
df=Inf 0.1883281 0.1131434 0.05815104 0.03001760 0.01240604

Estimator: MCD.75 scale
            n=30       n=50      n=100      n=200       n=500
df=1   0.3361089 0.19328442 0.09306703 0.04618839 0.018407320
df=2   0.1858007 0.10949200 0.05430633 0.02687752 0.010660906
df=3   0.1559068 0.09274766 0.04608843 0.02310021 0.009168413
df=4   0.1458732 0.08570887 0.04290094 0.02132448 0.008584527
df=5   0.1390521 0.08277829 0.04140548 0.02064648 0.008153285
df=10  0.1279685 0.07582599 0.03823186 0.01906860 0.007605448
df=20  0.1236661 0.07330398 0.03676827 0.01837718 0.007324355
df=30  0.1221134 0.07274701 0.03650030 0.01815882 0.007223571
df=Inf 0.1190723 0.07089873 0.03569746 0.01777608 0.007085321

Estimator: Qn scale
             n=30       n=50       n=100       n=200       n=500
df=1   0.07474865 0.04303487 0.021115831 0.010355253 0.004101124
df=2   0.04602241 0.02703519 0.013025159 0.006432239 0.002528995
df=3   0.03895364 0.02216368 0.010701332 0.005216375 0.002052033
df=4   0.03537899 0.02012316 0.009559750 0.004656397 0.001847247
df=5   0.03307298 0.01881382 0.008991112 0.004350613 0.001705397
df=10  0.02909604 0.01634715 0.007738615 0.003726287 0.001472916
df=20  0.02742903 0.01521112 0.007122653 0.003419424 0.001348504
df=30  0.02646415 0.01495764 0.006951550 0.003343564 0.001311750
df=Inf 0.02540508 0.01400544 0.006584362 0.003157749 0.001229289

Estimator: HL scale
             n=30       n=50      n=100       n=200       n=500
df=1   0.06918355 0.04119416 0.02045247 0.010186464 0.004087630
df=2   0.04855453 0.02869431 0.01430751 0.007201075 0.002857651
df=3   0.04415547 0.02592032 0.01308082 0.006470492 0.002573079
df=4   0.04204909 0.02507532 0.01242792 0.006215381 0.002489174
df=5   0.04128035 0.02473798 0.01219968 0.006021382 0.002406443
df=10  0.03948856 0.02342337 0.01161016 0.005774658 0.002310719
df=20  0.03846735 0.02277014 0.01128970 0.005675294 0.002256085
df=30  0.03834415 0.02253018 0.01124517 0.005642901 0.002254456
df=Inf 0.03775191 0.02231242 0.01119218 0.005592743 0.002213584

Estimator: IQR scale
             n=30       n=50      n=100       n=200       n=500
df=1   0.08940769 0.05210792 0.02512149 0.012584998 0.004955679
df=2   0.06121637 0.03624721 0.01785700 0.008863268 0.003544736
df=3   0.05504897 0.03294098 0.01618815 0.008095054 0.003224365
df=4   0.05306684 0.03136224 0.01550313 0.007689161 0.003069584
df=5   0.05188186 0.03053534 0.01518424 0.007507007 0.003007614
df=10  0.04898411 0.02912260 0.01436471 0.007150872 0.002860010
df=20  0.04777775 0.02882755 0.01402400 0.006994011 0.002780418
df=30  0.04767593 0.02795699 0.01397830 0.006937715 0.002770379
df=Inf 0.04697391 0.02755312 0.01365182 0.006816819 0.002731755

Estimator: usual scale
             n=30       n=50       n=100       n=200       n=500
df=1   1.25648605 1.25478415 1.237033296 1.243531596 1.239157607
df=2   0.21740915 0.18553307 0.161245375 0.137489639 0.115219297
df=3   0.08508961 0.06369429 0.043882543 0.030320998 0.018845304
df=4   0.05129227 0.03508361 0.021094826 0.012312460 0.006026680
df=5   0.03888241 0.02508668 0.013911641 0.007602685 0.003286071
df=10  0.02479117 0.01474526 0.007445758 0.003734796 0.001484255
df=20  0.02065242 0.01213424 0.005994170 0.002968436 0.001192170
df=30  0.01957964 0.01152230 0.005648272 0.002803108 0.001113715
df=Inf 0.01791646 0.01043196 0.005099553 0.002537157 0.001002634

